404
557
927
1100
1124
1245
1350
1617
1855
1904
1906
1907
2155
2211
2436
2946
3129
3133
3187
3199
3520
3611
4197
4301
4327
4398
4488
4824
4950
5004
5119
5753
6012
6036
6258
6304
6317
6464
6511
6546
6573
7105
7263
7380
7396
7952
8224
8328
8408
8418
8532
8627
8848
8896
8913
9464
9570
9622
9671
9713
10361
10522
10570
10638
10862
10921
11027
11209
11425
12077
12362
12407
12454
12503
12536
13271
13301
13423
13504
13551
13598
13653
13691
15465
15534
15613
15917
16606
16650
16727
16760
16776
16970
17100
17308
17781
17891
18030
18270
18358
18985
19081
19175
19256
19297
19357
19377
20337
21187
21242
21381
21430
21534
21862
21920
22093
22307
22399
22531
22543
22571
22619
22828
22829
22923
22999
23582
23695
23696
23773
24357
24734
25105
25172
25220
25364
25888
25895
25939
26420
26519
26704
27011
27012
27088
27147
27185
27230
27443
27541
27633
27671
27765
28106
28148
28478
28535
28645
28723
28942
29307
29311
29344
29393
29441
29500
29502
29503
29537
29583
29629
29680
29780
29842
29873
29881
30018
30310
30359
30407
30462
30476
30509
30538
30606
30649
30710
31289
31498
31547
31561
31601
31762
31854
31855
31939
31950
31953
32010
32809
32908
33181
33249
33255
33258
33275
33279
33297
33378
33825
33951
33998
34046
34077
34208
34291
34347
34442
34845
35063
35111
35209
35354
35731
35790
36014
36079
36167
36168
36364
36642
36644
36740
36977
36981
37361
37464
37511
37512
37939
38032
38040
38082
38091
38095
38222
38270
38428
38494
38525
38664
38783
38851
38898
38901
38940
38995
39117
39723
39753
39767
39816
39823
39863
39871
39918
40115
40152
40288
40291
40295
40299
40525
40716
40717
40745
40778
40832
40878
40881
40916
40980
41024
41071
41077
41260
41307
41356
41444
41972
41982
42015
42063
42156
42165
42275
42324
42602
42798
42830
43088
43182
43288
43854
44124
44315
44316
44320
44395
44601
44628
44662
45055
45087
45121
45297
45298
45340
45492
45625
45662
45825
45826
45960
46337
46477
46480
46487
46580
46665
46760
46772
46869
46965
47005
47269
47696
47744
47850
47933
48037
48165
48267
48279
48311
48363
48640
49079
49083
49160
49223
49260
49461
49510
49899
50030
50031
50050
50183
50231
50234
50321
50452
50612
51196
51239
51240
51241
51290
51291
51384
51667
51813
51869
51909
51915
51916
51956
52067
52115
52161
52303
52305
52331
52337
52417
52439
52537
52629
52688
52835
52930
53390
53588
53987
54511
54512
54612
54645
54845
54925
54942
55073
55133
55945
56194
56373
56424
56474
56480
56706
57091
57134
57233
57372
57389
57582
58869
58917
59249
59493
59598
60451
60462
60557
61425
61860
61981
62140
62189
62765
62944
62951
63035
63037
63141
63534
63997
64099
64486
64977
65056
65073
65189
65203
65299
65347
65348
65453
65838
66349
66413
66551
66587
66588
66636
66795
67361
67386
67562
67563
67707
67751
68043
68147
68149
68530
68605
68626
68717
68914
69771
70146
70293
70489
70664
70785
70817
71020
71025
71244
71349
71514
72076
72549
72608
72650
72656
72700
72975
73136
73172
73229
73230
73231
73548
74555
75439
75574
76760
79375
79696
79857
81378
81425
81954
82142
82246
83642
83693
83694
84706
84743
85020
85087
86575
86820
87389
88181
88305
89774
91279
