59
209
766
1219
1255
1321
1499
1598
1764
1802
2944
3046
3202
3207
3418
3582
3852
4156
4196
4254
4408
4528
5215
5314
5325
5336
5360
5388
5473
5571
5875
5925
6113
6253
6258
6605
6732
7266
7498
7598
7669
7705
7812
8044
8536
8719
8743
8762
8801
9255
9397
9585
9886
9916
9918
10106
10664
10684
10834
11121
11262
11451
11916
11924
12017
12266
12340
12542
12974
13163
13214
13229
13267
13580
13808
14488
14618
15247
15294
15427
15438
15481
15523
15615
15669
15712
15771
15960
16559
16817
16870
16959
17053
17204
17216
17506
17594
17975
18021
19027
19080
19125
19131
19160
19273
19374
19603
19613
19684
19856
19889
19966
19993
20043
20467
20705
21192
21335
21382
21391
21438
21515
21610
21665
21721
21954
22069
22263
22288
22336
22383
22493
22534
22686
23374
23495
23682
23730
23741
23749
23917
23935
24544
24592
24806
24846
24849
24942
25083
25300
25515
25650
25704
25714
25889
25936
25959
25983
26233
26960
27008
27009
27186
27189
27279
27284
27308
27385
27715
27819
28048
28059
28066
28155
28394
28441
28476
28550
28570
28595
28819
29296
29355
29391
29453
29454
29501
29503
29543
29693
29920
30311
30312
30407
30557
30605
30607
30615
30616
30786
31003
31111
31320
31325
31358
31471
31600
31684
31690
31758
31807
31841
31894
31952
31994
32339
32412
32924
32948
32953
32956
33001
33012
33040
33155
33159
33186
33221
33242
33278
33327
33331
33422
33438
33684
33818
33823
33899
34160
34179
34347
34437
34767
34840
35248
35255
35486
35533
35550
35789
35886
35982
35984
36363
36450
36546
36643
36795
37512
37543
37789
37790
37792
37887
37946
38035
38047
38272
38437
38621
38770
38806
38807
38814
38850
38862
38898
38946
39399
39551
39737
39870
39957
40044
40093
40094
40294
40307
40399
40446
40482
40563
40573
40578
40716
40724
40769
40878
40885
41018
41060
41260
41302
41404
41551
42019
42029
42070
42114
42116
42155
42171
42213
42349
42398
42427
42469
42515
42651
42928
42976
43066
43184
43235
43276
43284
43311
43383
43507
43563
43712
44169
44222
44316
44368
44473
44481
44563
44564
44617
44627
44661
44962
44971
45004
45006
45099
45103
45297
45392
45435
45488
45491
45661
45714
45779
45857
46018
46222
46588
46593
46729
46958
46981
47053
47098
47144
47252
47289
47307
47348
47383
47581
47731
47842
47847
47919
47921
47971
47982
48081
48159
48266
48274
48289
48302
48323
48782
48840
48868
48902
48945
48993
49042
49128
49171
49215
49274
49306
49310
49334
49374
49615
49619
49697
49699
49712
49810
49982
50088
50092
50095
50123
50125
50126
50127
50174
50242
50477
50519
50569
50678
50942
51122
51246
51292
51336
51338
51341
51384
51386
51389
51390
51391
51434
51435
51436
51437
51514
51515
51586
51670
51683
51768
51854
52015
52049
52116
52160
52209
52218
52309
52350
52382
52383
52384
52386
52439
52443
52584
52729
52730
52732
52915
52927
52974
53272
53581
53583
53682
53688
53700
53748
53795
53883
53920
53939
53968
54071
54139
54175
54269
54464
54507
54508
54513
54596
54640
54687
54705
54707
54733
54736
54785
54831
54838
54994
55132
55220
56220
56222
56267
56519
56540
56721
56754
56995
57101
57181
58524
58675
58890
58928
59020
59056
59245
59294
59395
59878
60509
60551
60642
60700
61114
61123
61309
61436
61521
61695
61944
62371
62719
62766
62812
62947
63011
63065
63203
63284
63818
64215
64376
64400
64699
65056
65251
65401
65725
66321
66397
66598
66685
66736
66743
67263
67357
67409
67516
67555
67655
67684
67689
67703
67786
67895
68130
68427
68675
68994
69045
69413
69519
69664
69712
69756
69811
70056
70113
70151
70292
70493
70881
70883
71011
71103
71348
71871
71920
72020
72119
72300
72586
72602
72749
72894
73139
73170
73230
73310
73425
73740
75766
76492
76907
76957
77346
77876
80478
80503
80558
81199
81335
81721
82295
82336
82393
82441
83755
84589
84946
86328
86797
88107
90353
91756
