551
783
839
999
1232
1252
1309
1679
1801
1940
2021
2550
2715
2725
2873
2944
3096
3230
3318
3519
3557
3662
3757
3963
4199
4480
4535
4536
4780
5160
5259
5507
5870
5877
5966
5967
5992
6335
6548
6740
7224
7269
7282
7594
7654
7816
7979
8809
8848
9005
9044
9095
9104
9332
9372
9532
9537
9914
10088
10153
10246
10261
10593
10781
10922
11027
11065
11106
11268
11308
11925
11980
12122
12274
12418
12536
12537
12539
12548
12585
12881
13485
14371
14436
14721
14742
15330
15344
15519
15662
15812
15909
16054
16056
16301
16459
16631
16951
17078
17266
17697
17818
17824
18024
18310
18344
18564
18790
18983
19031
19061
19078
19127
19258
19271
19604
19612
19843
19905
19944
20097
20278
20323
20327
20374
20418
20619
21174
21379
21382
21418
21475
21577
21613
21680
21776
21955
22238
22293
22531
22540
22687
22824
22877
22969
22971
23190
23501
23508
23576
23633
23634
23672
23673
23693
23694
23730
23737
23779
23827
23915
23916
23939
23942
23964
23985
24111
24752
24800
24851
24928
24985
24986
24989
25125
25181
25185
25409
25770
25800
25811
25895
25911
25983
26335
26550
26597
26963
27055
27103
27145
27184
27202
27340
27388
27437
27503
27786
28147
28248
28522
28570
28597
28619
28620
28779
28801
29199
29247
29391
29442
29482
29498
29501
29502
29535
29538
29539
29601
29634
29656
29728
29729
30164
30410
30508
30509
30604
30830
31068
31211
31570
31596
31614
31659
31693
31694
31700
31751
31942
32088
32095
32799
32806
32807
32814
32906
32946
32956
33001
33530
33531
33585
33765
33808
33818
33951
34046
34048
34105
34113
34200
34299
34340
34531
34855
35242
35533
35555
35742
35790
35935
35938
35985
36075
36128
36307
36606
37369
37404
37618
38184
38195
38657
38707
38754
38815
38849
38851
39004
39052
39277
39494
39532
39959
40058
40119
40249
40291
40335
40497
40593
40626
40879
41166
41209
41261
41299
41730
41818
41877
41982
42010
42079
42127
42166
42173
42212
42223
42262
42267
42394
42460
42482
42582
42897
43033
43185
43375
43416
43518
43555
43659
43708
44233
44468
44628
44749
44758
45183
45184
45489
45490
45628
45722
45776
45859
45863
45864
45899
45915
46593
46696
47006
47066
47100
47125
47427
47466
47726
47919
48014
48081
48210
48313
48444
48897
49256
49271
49319
49663
49739
49932
50048
50080
50096
50376
50381
50431
50464
50469
50477
50626
51248
51328
51332
51336
51436
51483
51670
51712
52021
52167
52248
52344
52382
52431
52497
52591
52772
53441
53492
53532
53584
53594
53595
53695
54352
54688
54734
54735
54986
55242
56155
56222
56224
56228
56417
56558
56760
56952
57003
57042
57101
57105
57149
57199
57278
57527
57917
58168
58204
58207
58537
58589
58781
58836
59003
59025
59124
59294
59393
59454
59503
59731
59783
59983
60056
60593
60647
60652
60692
60707
60753
60792
60845
60846
60940
61034
61082
61316
61521
61617
61618
61837
61892
62090
62181
62328
62627
62759
62852
62853
63194
63337
63510
63870
63970
64068
64145
64189
64248
64535
64572
64755
65208
65257
65351
65445
65458
65875
65892
66034
66061
66080
66302
66439
66463
66467
66537
66636
66786
67258
67507
67575
67658
67659
67703
67754
67762
67793
67797
68024
68148
68186
68193
68196
68318
68423
68911
69136
69172
69566
69567
69680
69767
69777
69816
69915
69993
70042
70156
70199
70340
70719
70786
70861
70879
71007
71015
71058
71309
71343
71885
71936
71967
72016
72071
72113
72119
72215
72216
72400
72503
72597
72687
72693
73169
73469
73564
74652
75004
75385
75427
75475
75490
75626
76039
76824
77310
77358
77396
77728
77831
77917
77933
78075
78983
79508
79854
79857
79983
80057
80059
80285
80321
80490
81036
81292
81519
82125
82154
82282
82485
82925
83265
83640
83825
83866
83887
83948
83993
84707
84787
84789
85159
85859
86266
86561
86564
87111
87186
87346
88235
88253
88349
88866
89056
89359
89444
89646
90523
90784
91277
91279
91748
91799
91878
92019
92046
